Epoch: 0, TL: 0.20309, VL: 0.19606, TA: 0.14120, VA: 0.13998, Time: 0:14:40.811520
Epoch: 1, TL: 0.19206, VL: 0.19105, TA: 0.20673, VA: 0.23270, Time: 0:14:24.951737
Epoch: 2, TL: 0.18748, VL: 0.18944, TA: 0.22613, VA: 0.22663, Time: 0:14:13.208889
