Epoch: 0, TL: 1.28902, VL: 1.27543, TA: 0.65922, VA: 0.65902, Time: 0:10:39.628337
Epoch: 1, TL: 1.24044, VL: 1.27263, TA: 0.66311, VA: 0.65814, Time: 0:10:43.611790
Epoch: 2, TL: 1.21367, VL: 1.26088, TA: 0.66441, VA: 0.65683, Time: 0:10:42.801017
Epoch: 3, TL: 1.18384, VL: 1.26893, TA: 0.66663, VA: 0.65513, Time: 0:10:42.445702
