Epoch: 0, TL: 1.26820, VL: 5.27267, TA: 0.68223, VA: 0.03506, Time: 0:05:47.818672
Epoch: 1, TL: 1.13069, VL: 5.33686, TA: 0.68981, VA: 0.03098, Time: 0:05:28.033319
Epoch: 2, TL: 1.02522, VL: 5.85702, TA: 0.70171, VA: 0.03092, Time: 0:05:27.679033
