Epoch: 0, TL: 2.11545, VL: 2.23745, TA: 0.68637, VA: 0.55234, Time: 0:10:58.292184
Epoch: 1, TL: 2.10554, VL: 2.23710, TA: 0.68735, VA: 0.55234, Time: 0:10:58.601720
